7.436789785346413773e-01
6.812957403585557792e-01
4.484435786063103446e-01
1.224738878367623296e-01
5.551377730697475421e-01
5.047639978208833256e-01
4.858411607245380903e-01
5.225314577097063262e-01
6.806868137172409350e-01
6.318749834143937427e-01
6.889117210337708519e-01
6.971193027854514224e-01
6.560595882320334749e-01
7.512868137939676672e-01
7.602319372775760975e-01
7.825291979156048239e-01
7.300731024976740979e-01
7.122223993077776427e-01
7.173294014141836650e-01
6.741162775707496557e-01
6.067707189943678525e-01
4.120515481969830862e-01
4.465140071061999283e-01
5.272015363076505423e-01
6.413516434905827124e-01
6.807637036061612301e-01
7.264919725307504850e-01
6.909763062010674251e-01
7.236578880856353591e-01
7.736002805856320164e-01
8.713605941045310388e-01
8.383082635855783060e-01
7.602748125525963241e-01
8.398923498496444484e-01
7.895504699005145843e-01
6.732171712738072022e-01
6.755736096490266851e-01
7.305330827278448957e-01
6.522206387794355908e-01
6.117281760821602354e-01
7.048152503613860365e-01
6.640422476567460208e-01
6.247811568455847731e-01
6.703297117323588905e-01
6.693680228640505048e-01
6.814373714391686043e-01
7.224229588334465380e-01
6.805423660075581305e-01
7.036494639126218420e-01
6.819386672735693322e-01
7.256213920016344465e-01
6.797184487926457575e-01
7.147737109162093372e-01
6.703308455529725096e-01
6.903991080339864084e-01
6.321419818267434154e-01
5.010215790164568306e-01
4.179868470875393038e-01
4.764766967731134395e-01
5.118889267954013222e-01
5.651041078655668626e-01
6.724221396926068905e-01
6.856603032724288838e-01
7.117279679789667579e-01
7.274854613406653847e-01
7.817808306132243423e-01
8.136569015723522647e-01
8.472988934904998048e-01
8.485245435791550772e-01
8.839384164465313720e-01
8.773339661197582240e-01
9.043291026394933985e-01
9.035022453276931875e-01
9.224749800648683884e-01
9.120599931772142011e-01
9.415461666702747978e-01
9.432848866120658871e-01
9.513743114185072569e-01
9.312000957495834008e-01
8.855250104998324545e-01
9.039136210743098365e-01
8.645742339765351003e-01
8.677102877878414278e-01
7.433249973887734452e-01
7.192331113944638865e-01
6.970777172291371393e-01
6.006718331227715035e-01
4.377175532166502347e-01
4.390142345912899091e-01
4.877023790962021210e-01
4.217681939738845420e-01
5.800784273501932153e-01
6.257910916497980702e-01
7.075232724315766442e-01
7.469424132684943096e-01
7.402642728637289782e-01
8.094396760463093976e-01
9.346911818699120689e-01
8.765930234894014905e-01
6.748819219248332058e-01
7.329952037693314715e-01
6.480419717988361583e-01
4.295600639635392959e-01
4.118580687086118575e-01
6.579953528570021692e-01
5.980976280010706914e-01
5.846668317264175352e-01
6.265971909612401136e-01
6.125398484911727115e-01
6.220762150455064754e-01
6.434591518525297760e-01
6.516575630923646667e-01
7.029012080915660876e-01
7.556788350783268937e-01
7.443693597280788277e-01
6.413846046434444892e-01
7.034767173165188403e-01
7.880542688811464913e-01
6.598527052391207626e-01
5.563632171685511940e-01
6.946204443437266063e-01
6.610376722950345174e-01
4.974894528727744625e-01
5.693515962509820838e-01
6.276335497207869984e-01
5.527651454852008372e-01
5.372590378510783138e-01
6.483523067024430375e-01
6.183643682956846410e-01
6.817591735281318677e-01
7.369980277119652090e-01
7.382945058268484129e-01
7.100526573772466543e-01
7.663867493000080522e-01
7.506150867091636592e-01
7.039192629304307225e-01
7.006046486316409583e-01
7.943677687736999671e-01
7.692672544856529182e-01
6.184423844286047744e-01
7.419664092841112835e-01
8.469472654327699912e-01
7.460275955768709277e-01
