8.393559338321372465e-01
7.943394590705434855e-01
4.656824257166650161e-01
1.045110408111149525e-01
5.570695246336734296e-01
6.559526995718785169e-01
3.894568784802715511e-01
4.857239357379189992e-01
6.269122017625168297e-01
4.954073777949813406e-01
7.217462154771142613e-01
6.266214598015596993e-01
6.856819225914468907e-01
7.973807602941718198e-01
7.793538400366440966e-01
6.165368843001892696e-01
8.100767346150625769e-01
6.886928499828972594e-01
6.766328439050814936e-01
7.549311527132022137e-01
6.641352646864340237e-01
4.286790475308628889e-01
3.730234778034312582e-01
5.783089381574660903e-01
7.646273213130647672e-01
5.116159664396333628e-01
8.522893951054694162e-01
7.783221110810368826e-01
6.352489697878374031e-01
8.847674657626205530e-01
9.204312954241004041e-01
8.587479702991863695e-01
6.846776591893165564e-01
7.548151133040330585e-01
8.418652386937768295e-01
7.568620027990066168e-01
6.836249394236038057e-01
7.048280863211889846e-01
6.745464038726771694e-01
6.596055207843875001e-01
6.724120682539527216e-01
5.592531468858078503e-01
6.675681035371949790e-01
5.173858008212228743e-01
6.980799079154416109e-01
5.929919602003719259e-01
7.349017455388557885e-01
7.797792876954081631e-01
5.919236090273567452e-01
8.376973062513248802e-01
6.945412082901782913e-01
6.957756150308311849e-01
6.731014600453123498e-01
6.711778028128783102e-01
7.368227596321318407e-01
6.361370610459021746e-01
4.690997654216613744e-01
4.287826826078315889e-01
5.348960097383672618e-01
5.498605730757274435e-01
5.806270297694224869e-01
6.148464453580764211e-01
7.180858429341547833e-01
7.154035821863116151e-01
7.250719416315994925e-01
7.725660613587048697e-01
8.572228680624028874e-01
8.419574612497046084e-01
7.584279744133246570e-01
9.241170230670811003e-01
9.084568715422005614e-01
8.709808825029782264e-01
8.418435759924169925e-01
9.289003244625797517e-01
8.618283331388537638e-01
8.915967027310329751e-01
9.638717809120700419e-01
9.687445191607310102e-01
9.652342810652871918e-01
7.973472728091975936e-01
8.570705930581489218e-01
9.460791400684704922e-01
8.663315529103539081e-01
7.236435090621136101e-01
6.119133454345556666e-01
7.348224082687400127e-01
6.287520487206654796e-01
4.669445881729611392e-01
4.923463781474934353e-01
5.653645568210363681e-01
4.011374347399273010e-01
4.714266645140823830e-01
5.277686989350101054e-01
5.671063929536931392e-01
6.465410083095751714e-01
5.949836672664975401e-01
7.507410569792064559e-01
9.448184949532576482e-01
8.527879152856708833e-01
6.787132899411754128e-01
6.993404436862644680e-01
5.907413714006285455e-01
4.561120578081223620e-01
4.759763912253491824e-01
6.128787262340771314e-01
5.430369606310414543e-01
5.150947146345805638e-01
6.934432950220259517e-01
6.387893803633880596e-01
7.208540384880682828e-01
6.101945943183719745e-01
5.429912433544114014e-01
6.602065799251189970e-01
7.997027537881701287e-01
6.220117515768482930e-01
4.829194329443287081e-01
7.030066314560234897e-01
7.696521703097338740e-01
7.474238016535037499e-01
5.601386508219752258e-01
6.849707239930101776e-01
5.686286274400514928e-01
5.407556841596010688e-01
6.682252115373306101e-01
4.549158604024226560e-01
5.956050634551199874e-01
5.015882058602005866e-01
7.617094658536334162e-01
6.446977796116108994e-01
7.679870255268783641e-01
6.774229375123035357e-01
9.195514279524348300e-01
7.544579450001196452e-01
7.692370333042395369e-01
7.519430553121214666e-01
7.796428940131726604e-01
6.950450399155987391e-01
6.578801941850997981e-01
8.376144244703466191e-01
5.845161467413695355e-01
6.891913001162636165e-01
8.081159187058641891e-01
7.431034750725207250e-01
