9.999257967242759504e-01
9.522641092245355265e-01
8.700174864945892095e-01
4.200398544129826939e-01
9.694026816994469886e-01
9.065482457405638073e-01
6.833237109432565015e-01
9.271240196861078031e-01
9.422678083603440724e-01
7.042796435980706038e-01
9.074192060952420702e-01
8.674247878198410033e-01
9.151106208057498970e-01
8.627063083020274359e-01
9.980654029371239799e-01
9.896051527835201256e-01
9.535888723052741156e-01
9.615607593507660145e-01
9.492720137434104144e-01
9.555821180183651231e-01
9.852340612709679091e-01
7.296312337263106684e-01
8.586500118491703359e-01
9.574528608069202695e-01
9.791344651459193971e-01
9.725449590596656479e-01
9.867305026624567654e-01
9.995243381393766890e-01
9.779777076917225420e-01
9.824948441802062726e-01
9.912558537377447188e-01
8.962087681174729648e-01
8.954640042580068737e-01
7.933402743624657916e-01
7.713116166417950392e-01
8.141052102090039488e-01
4.869182414702966644e-01
4.763699152676848514e-01
5.063438963467309373e-01
6.354646590176175058e-01
9.366163590254715787e-01
8.754730354957058758e-01
8.926896720572364829e-01
7.585963979135051938e-01
9.650576579946413824e-01
9.738689187674924863e-01
9.924117118427872031e-01
9.235780611698751752e-01
9.877935818347084451e-01
9.356608345553997230e-01
8.577724273712084013e-01
7.594472445348617873e-01
9.298247052553539893e-01
7.167695214404052884e-01
9.456680253424811777e-01
9.034817206067200512e-01
3.462724805882797519e-01
7.412758550166855809e-01
5.507972040731829999e-01
8.267736404665104732e-01
9.751641761258782459e-01
7.313282453489005075e-01
9.457195039782614332e-01
3.865877035213031720e-01
9.028293574840706714e-01
9.336034036611854381e-01
6.428461057407174328e-01
9.033950435799775747e-01
9.487142487943092117e-01
8.816722310028363152e-01
9.318652855036807514e-01
9.867680515969207145e-01
9.686243189317852442e-01
9.735432074377684541e-01
9.842959353104788756e-01
9.973249141803515183e-01
9.982747106245483115e-01
9.986501117966487540e-01
9.751893371844624347e-01
9.634244093040099655e-01
9.607137705335081490e-01
9.783822269391938553e-01
7.102123103086477318e-01
5.593408648026038099e-01
9.343471010914766728e-01
8.874856156649035821e-01
4.422585484556898483e-01
5.540927371004967794e-01
9.510515562726639116e-01
9.904733343534366519e-01
7.530771651524262866e-01
7.131660198867552092e-01
8.773076606043397341e-01
9.465552907833525431e-01
9.956127599253761229e-01
9.883489402775176291e-01
9.990786328852153675e-01
9.869339201112924398e-01
9.758225797051808259e-01
8.150667609688576620e-01
8.288092038061964928e-01
9.737388567717033538e-01
9.569973360208139379e-01
6.185900534913310045e-01
9.621143016959822214e-01
9.839286390996712095e-01
5.297039978036025554e-01
9.385054664857693796e-01
9.819099727157211133e-01
9.806762069244460145e-01
9.908611732929946125e-01
9.741897865656157229e-01
9.976052508294778187e-01
9.621214278212770754e-01
8.162187114870272930e-01
9.281785042174885980e-01
9.516008216840690093e-01
7.234211538088664017e-01
9.069299321602490860e-01
3.126841366474012451e-01
8.919221850559487796e-01
3.581896760432728977e-01
5.337103163067185019e-01
9.292281993353639358e-01
9.786537051844338420e-01
6.467396528130787692e-01
7.141632063650446005e-01
9.943213543586171266e-01
8.852030790929386050e-01
9.292245808976836718e-01
8.608982459552149136e-01
9.988325720490900395e-01
9.471046496975814577e-01
9.995854005297445388e-01
9.363046576441904634e-01
9.998376299486226859e-01
9.965755983000216256e-01
9.957507298914904936e-01
9.982694878167062136e-01
6.234332932307352637e-01
9.686445224563462464e-01
9.559084218524015464e-01
9.431273444361687464e-01
