9.962016295046312031e-01
9.999403450498376422e-01
9.625056536998650714e-01
9.621245715406333554e-01
9.836191674196350654e-01
9.865745180677725212e-01
7.426803475794969689e-01
8.710900340133191921e-01
9.854535513048001683e-01
9.710681652632906502e-01
9.255394446242525275e-01
9.989326422746931389e-01
9.973326365534415094e-01
9.903754701607627720e-01
9.968214857908261894e-01
9.938675758552255601e-01
9.864248001860903559e-01
9.982661960257320777e-01
9.913197795202294271e-01
9.654920147633945238e-01
9.937146246809989147e-01
9.919663793311945810e-01
9.669765589672938422e-01
9.992242873963718131e-01
9.999461158652872550e-01
9.997455385236180270e-01
9.998369877026179742e-01
9.998089070479068141e-01
9.937284768655354483e-01
9.954890295443663550e-01
9.994540776532587767e-01
9.534523658898547138e-01
9.425121093123354221e-01
9.552258808188370809e-01
9.946085586576539628e-01
9.081926909331494713e-01
7.005274326759222125e-01
6.831420530744901631e-01
7.330824019662693924e-01
9.091353592400774897e-01
9.051535854362553479e-01
9.340245316247881568e-01
9.664206262691804605e-01
9.568945954430342349e-01
9.826232803076760947e-01
9.855824791180138877e-01
9.934539822840248169e-01
9.988200771972740588e-01
9.987141815319188209e-01
9.981085757326229047e-01
9.743277935700084269e-01
9.986896775499987111e-01
9.998840921366347612e-01
9.978734523365659914e-01
9.984642031616115521e-01
9.948925771659360429e-01
9.606980493248331587e-01
8.782531548869417781e-01
7.484876109671175781e-01
9.791736889242532715e-01
9.949252993107575715e-01
9.965490827320837575e-01
9.506897126817377419e-01
7.971258045909311862e-01
9.755427288999561908e-01
9.622035045218624294e-01
8.372466833308477296e-01
9.901354786139314745e-01
9.505837187943233513e-01
8.860953833431031157e-01
9.880239941584024743e-01
9.997523996956887427e-01
9.978204715375038614e-01
9.905738093467307825e-01
9.994920381029054335e-01
9.998566672723606663e-01
9.992743700384106864e-01
9.993282217416739055e-01
9.877121354972717704e-01
9.992159996573801717e-01
9.989744137280199832e-01
9.809795101758970182e-01
8.054804296350716042e-01
9.817190165687339487e-01
9.613593360522859621e-01
9.705741043659225076e-01
7.885950571111002283e-01
9.488087952559796090e-01
9.535237856666046730e-01
9.996626678944861011e-01
9.687830517098624528e-01
9.959508804008220251e-01
9.980156805462421232e-01
9.988969901269397766e-01
9.983588421325008122e-01
9.996614965520508322e-01
9.995363460879526096e-01
9.915606740311542211e-01
9.990247761408935778e-01
9.450538620153897673e-01
9.907876214639421697e-01
9.973852200379398347e-01
9.760360326545606258e-01
7.734698795443066821e-01
9.825141695192519675e-01
9.783236389554359480e-01
9.993259795768143494e-01
9.829994248598860063e-01
9.839182330022787637e-01
9.919351055528061734e-01
9.985690224244795354e-01
9.976975018164480069e-01
9.998031060011028925e-01
9.993215280989417026e-01
9.993295134003551405e-01
9.935075174094706307e-01
9.955891238467460269e-01
9.976293811359387975e-01
9.722251040776253017e-01
8.988165355688859659e-01
9.885455973553440856e-01
9.998925916453788032e-01
9.994477420364183962e-01
9.728147252620935603e-01
9.971696514972565595e-01
9.994402976657218440e-01
9.998466612747896054e-01
9.995861157552140552e-01
9.989768605482800545e-01
9.984367149749316939e-01
9.996828737817973209e-01
9.994334423162687386e-01
9.999686469757318452e-01
9.995117888999646150e-01
9.999722986666663704e-01
9.995516149504033443e-01
9.998156206833520576e-01
9.998201810929644440e-01
9.998157383135172216e-01
9.944820344005280699e-01
9.890429104100666446e-01
9.973437657018173752e-01
9.789732574698379874e-01
