9.924938508353535749e-01
9.820634182517211652e-01
9.362498508071375181e-01
2.683580731641628248e-01
9.830121060661092258e-01
9.555393022365048505e-01
8.143294610474127726e-01
9.723811225121283819e-01
9.717417584957785959e-01
8.979311533661584743e-01
9.558317440903489892e-01
9.590906809926422749e-01
9.597121529465619805e-01
9.576956966327662135e-01
9.927361379993980828e-01
9.912985248142103245e-01
9.791045256959188814e-01
9.813364476559734983e-01
9.766309898323718430e-01
9.735481685083814396e-01
9.874317167914190563e-01
9.113807594951907065e-01
9.327819326411832535e-01
9.836917709000086996e-01
9.874771220686660023e-01
9.802838275163143766e-01
9.886916836857927438e-01
9.928998108543904966e-01
9.867197701453803704e-01
9.862716006655327661e-01
9.913529073284423898e-01
9.640140581996443636e-01
9.573906030179726301e-01
9.151341623486666244e-01
9.282241568773499374e-01
9.008644578005630121e-01
8.144006970369099818e-01
8.066162864950373601e-01
8.287723165674039105e-01
8.772571698900893944e-01
9.663974323676255418e-01
9.577810013043820403e-01
9.617849778129813343e-01
9.045708222894249806e-01
9.813431152555789350e-01
9.848170067225787694e-01
9.883507720820675635e-01
9.594095576508074874e-01
9.868680245139348495e-01
9.672168987170930432e-01
9.566860824938721031e-01
9.118940408771080142e-01
9.764219733594916573e-01
8.812551021218718583e-01
9.808297166550030699e-01
9.693763861629517420e-01
7.250535989953302840e-01
8.811775052454138280e-01
7.076066902939538439e-01
9.480921380566728063e-01
9.816643312980458669e-01
9.184762377741696460e-01
9.806124556589087549e-01
7.526531646880952886e-01
9.644850577975564443e-01
9.739662635040917671e-01
8.875427487689481199e-01
9.695379330500180082e-01
9.750450902292319144e-01
9.604759931832683728e-01
9.675080752009446172e-01
9.904589558458528620e-01
9.858403745967018184e-01
9.877335250347555329e-01
9.896701764614872499e-01
9.927185979068394728e-01
9.926229397055934545e-01
9.928698259835222473e-01
9.875419934122825483e-01
9.851626309591512420e-01
9.845464803448561453e-01
9.828099304386312962e-01
9.116291199691385350e-01
8.103298732540534788e-01
9.741548997468687521e-01
9.642172073544418298e-01
8.061263721247925451e-01
8.542983388342730855e-01
9.717047105475626889e-01
9.911607413698056979e-01
8.730538502175176907e-01
9.051737934765164972e-01
9.433412273096495326e-01
9.693770177494179796e-01
9.897775950508512777e-01
9.868163733038515240e-01
9.920250638243588437e-01
9.908035292286396789e-01
9.847708635875712657e-01
9.027275265609931987e-01
9.112003716941446951e-01
9.832419956696510921e-01
9.780128548222967177e-01
7.642907040011400754e-01
9.820444799077364673e-01
9.880246161606225375e-01
8.232104298053664060e-01
9.773678004139801923e-01
9.872528131004735252e-01
9.865003007759912679e-01
9.876981546225350739e-01
9.833212625486393854e-01
9.918366639323241696e-01
9.829752072395837592e-01
9.447680973825941519e-01
9.755549160691023847e-01
9.755051102903526949e-01
9.141710413279197089e-01
9.557179580746435477e-01
6.848220317885290731e-01
9.617146925462667362e-01
7.437684800754534864e-01
8.472433121748468299e-01
9.600352007337203952e-01
9.823991097828063124e-01
7.954711539292245170e-01
8.492149428522197674e-01
9.923704669239732379e-01
9.621754428065162346e-01
9.734333351261607037e-01
9.578443501262475790e-01
9.929544592142458548e-01
9.709084630979810671e-01
9.922125961667701555e-01
9.783381872524249401e-01
9.928983348679645271e-01
9.926798446530009645e-01
9.920544179696151321e-01
9.921292530074766747e-01
8.126552573831496984e-01
9.779391382342588201e-01
9.795856202460898610e-01
9.667396628389208768e-01
