9.925289974249513758e-01
9.929422503877077810e-01
9.800435306957492321e-01
9.807864677485621518e-01
9.862312321619813860e-01
9.902123692598820970e-01
8.553402828193744645e-01
9.404184549966786433e-01
9.890892065460110683e-01
9.843270658255722783e-01
9.737780322519705711e-01
9.927758210050061649e-01
9.913881885547858319e-01
9.898953765779170411e-01
9.919912676413650265e-01
9.904801651580384947e-01
9.892484851115908029e-01
9.913974618839352937e-01
9.890145009031564571e-01
9.779038729816040831e-01
9.913202912521558163e-01
9.915671458495035617e-01
9.821012979691059464e-01
9.930097681243738039e-01
9.929464688620170953e-01
9.931804982243955804e-01
9.929489719859408980e-01
9.928798429987581997e-01
9.920006518120594308e-01
9.921073692985802328e-01
9.922584435772430211e-01
9.807104305437744918e-01
9.745203156739756789e-01
9.830197299942555755e-01
9.896832714580711121e-01
9.700788383444679530e-01
8.581587565581777488e-01
9.023280735022660703e-01
9.192568222151963342e-01
9.660394465266467501e-01
9.617192852484457433e-01
9.651921459818786353e-01
9.770023255950935903e-01
9.780437568506235024e-01
9.856937504199896338e-01
9.866758952848397879e-01
9.898289723326552103e-01
9.919456661427957789e-01
9.924814168882302168e-01
9.923585525177152089e-01
9.862713809969707590e-01
9.931588510874834741e-01
9.929251117948294514e-01
9.930235239798805846e-01
9.930478854460501603e-01
9.919147229935337817e-01
9.794847566242256276e-01
9.434090930990326473e-01
8.547424580735880628e-01
9.828772386716279064e-01
9.919360161168216949e-01
9.903534653550606359e-01
9.817410402835567984e-01
9.388778397817795218e-01
9.879002565465054841e-01
9.813380111037623976e-01
9.506072714973727855e-01
9.915215414158496943e-01
9.801012665817702141e-01
9.605577229979228582e-01
9.905201900322877506e-01
9.930110962674824071e-01
9.910748863970606504e-01
9.911806447709263779e-01
9.927959548675659995e-01
9.930624428091734401e-01
9.928327080681667027e-01
9.931443085188074171e-01
9.908725751960406614e-01
9.930909643530401176e-01
9.931105034180018887e-01
9.870848346671255991e-01
9.387759908399562203e-01
9.874720374911176712e-01
9.770721474798775841e-01
9.812782496485120687e-01
9.114870316488604685e-01
9.690758780522250593e-01
9.770065484740785289e-01
9.929057761127254578e-01
9.834721807208116617e-01
9.911759549471108599e-01
9.932463289696397135e-01
9.915848738643366911e-01
9.925685064482957509e-01
9.927020976408512665e-01
9.924748892164810821e-01
9.917384668572700734e-01
9.926444927854367606e-01
9.690287629302808403e-01
9.897137230290375953e-01
9.923083609145093575e-01
9.860981983853774890e-01
8.703687029561082422e-01
9.883831679653738433e-01
9.881612561597661326e-01
9.930117614421453132e-01
9.875950141789527903e-01
9.890379665016114652e-01
9.912635854553717429e-01
9.932456802379395766e-01
9.922663885745376389e-01
9.924960435701954964e-01
9.927938081261695746e-01
9.927792905504314591e-01
9.919512764901388113e-01
9.914605954519682962e-01
9.920843678358599593e-01
9.811241127759819936e-01
9.537440889154397139e-01
9.873730051895647231e-01
9.926261533203686316e-01
9.930024808942391479e-01
9.796633108269067192e-01
9.907797806666793772e-01
9.931206926411982883e-01
9.931167231457483924e-01
9.931600440131912455e-01
9.919676688137231135e-01
9.922335937990345300e-01
9.929253611414530223e-01
9.929297284698667125e-01
9.925681314099830121e-01
9.925194604861600212e-01
9.932057733231185459e-01
9.927709632333147072e-01
9.927897629230417742e-01
9.930073751746441024e-01
9.930144246831598132e-01
9.923295409935777300e-01
9.902920993197092958e-01
9.915668246707056710e-01
9.825020257150807179e-01
