8.419738168237675069e+00
1.560329157409905410e+00
1.706572340990682557e+00
2.021623044032286654e+00
2.149226154518146359e+00
2.371795705438136892e+00
1.920828473451206442e+00
2.095276615554487076e+00
1.897978011208630411e+00
1.830789329184005387e+00
1.780914743094126118e+00
1.855779642476522051e+00
1.761811326655632781e+00
2.280450760761439710e+00
2.290873525070105554e+00
2.238833064515317162e+00
2.417539349609651556e+00
2.290465090798773140e+00
2.147694165749542528e+00
2.288443834359957574e+00
2.660706392615170390e+00
2.996071259266566145e+00
3.376815295849898479e+00
3.480980719190103656e+00
2.710618107205384764e+00
2.999072093668688321e+00
2.794490281158692024e+00
3.253154174135118648e+00
2.646907579564770074e+00
2.523060200554638755e+00
1.994476052492844209e+00
1.741318547211184287e+00
1.982512414126215372e+00
1.804973413006942806e+00
1.549760332085975634e+00
1.971749920534009881e+00
2.229514647465869359e+00
1.980618230443484284e+00
2.044422036670573650e+00
2.308023431670406911e+00
2.453811468580901600e+00
2.345137992271926652e+00
1.965931571573786174e+00
1.968895682255638269e+00
2.210805064419219423e+00
2.210825432214987174e+00
2.031465998467195888e+00
1.841504691993854470e+00
1.902213193160375404e+00
2.319356595820309508e+00
2.578265551636033326e+00
2.357443788018951381e+00
1.965325964362541145e+00
2.163874728353665233e+00
1.910348879798681399e+00
2.048679070544102032e+00
2.332338734070078967e+00
1.914460832499309983e+00
2.321478903663130922e+00
1.937544498840449325e+00
2.032617252660992690e+00
2.025974228830429436e+00
2.464791995421265813e+00
2.612827508737879612e+00
2.266508561434994906e+00
1.969366149316930104e+00
1.735300558648602998e+00
2.219713272288207584e+00
1.927855766017600114e+00
2.215574404301625666e+00
2.459321918077911562e+00
2.160763572448026082e+00
2.106236333633113134e+00
2.307245028883230908e+00
2.684885244109785241e+00
3.207283991913693733e+00
2.755937707777105672e+00
2.562699452171941505e+00
2.110016939681011561e+00
1.677820623070577000e+00
1.767379390546617746e+00
1.899755762806135673e+00
2.107729909200340312e+00
1.772382555286738048e+00
2.057909662903328663e+00
2.140537465988860077e+00
2.388047295671431147e+00
2.491469890738280402e+00
2.226038058559555388e+00
1.942792160508572286e+00
1.886045192021165162e+00
2.132194438675115045e+00
2.475675289450294247e+00
2.687920036749972930e+00
2.681052416585431697e+00
2.623037523732153264e+00
2.792193409637404145e+00
3.050234889893354673e+00
2.988187712068440138e+00
2.769777375926457896e+00
2.843478623799288840e+00
2.651347800558797374e+00
2.645454138289460744e+00
2.615970861274815373e+00
3.016416082060569437e+00
3.344772295280666441e+00
2.614714479760610555e+00
2.779618822658755484e+00
2.957537859688054827e+00
2.577797016380368067e+00
2.478739102744023537e+00
2.187377755544085645e+00
2.317338437259774508e+00
2.361859939120545704e+00
2.372819704936754093e+00
1.935198324790473157e+00
1.855154699452966405e+00
1.963699086098225743e+00
1.809996167677643930e+00
1.858212425599307105e+00
1.781556145384119549e+00
1.808670240296373466e+00
2.075457162559870117e+00
2.043466156697104186e+00
2.053743983559163766e+00
2.361591745500450479e+00
2.041343141058758803e+00
1.691648263857568280e+00
1.440471302790901520e+00
1.425394613912375874e+00
1.878128308876226171e+00
1.879584012600647558e+00
2.316875718023435393e+00
2.386068812046185261e+00
1.671077655064509671e+00
1.723243267478686835e+00
1.649591118556027247e+00
1.841554755244044772e+00
1.789804243872455070e+00
2.020416304006098063e+00
2.142516375772784087e+00
1.763147559007911092e+00
1.452813618040219357e+00
1.264088192043355541e+00
1.455292983136669660e+00
1.758209636082312288e+00
1.674958084548709758e+00
1.777958563598564412e+00
2.082454560437025481e+00
1.504520176831981360e+00
1.241605300187755612e+00
1.408852214289285643e+00
1.739342859852811563e+00
1.738833291918376434e+00
2.051228592360527792e+00
1.936448803170956356e+00
1.805679428851848289e+00
1.771585694386579535e+00
2.477749833951577774e+00
2.193091357168016398e+00
2.171547964259492591e+00
2.339810573294977658e+00
2.086562615042397706e+00
1.936728377393581058e+00
1.908232097814115402e+00
1.856047106908312871e+00
1.926877833889616420e+00
1.907108035497236731e+00
1.745054530165519591e+00
1.836032640091784573e+00
1.776226036348024007e+00
1.904708237071381483e+00
2.276957468491560110e+00
2.114767150588306777e+00
1.800272328035895653e+00
1.673736969459649115e+00
1.988039009854658312e+00
1.571334563057189770e+00
1.502033482540647613e+00
1.479524878959682876e+00
1.655208878000122397e+00
1.375675062379777991e+00
1.809370331667377707e+00
1.603709598209068998e+00
1.450503930067694514e+00
1.195906975583757914e+00
9.564687006203261843e-01
1.050271761312841390e+00
1.173978253517976578e+00
1.678938608666727283e+00
1.867489442186866633e+00
1.690701585264297702e+00
1.714012886463155194e+00
1.679522449810870066e+00
1.806778183845964447e+00
1.885757198393423595e+00
2.148477033965569660e+00
2.437646208576703000e+00
2.097353280224743877e+00
2.167179456703554052e+00
2.137727796534197644e+00
2.646474743671672680e+00
2.358117656769401549e+00
2.284524219085563690e+00
2.476753018333098577e+00
2.126123091545803145e+00
2.104383237426009412e+00
2.202909557734626045e+00
2.204998769211595100e+00
1.832603669920419787e+00
1.751576448139444464e+00
1.735463070917204309e+00
1.347505842866044690e+00
1.713394464344014212e+00
1.558628014974227316e+00
1.751887048133260016e+00
1.440939537208530519e+00
1.514022057606829508e+00
2.000491848735038491e+00
1.897557774457145019e+00
1.816328146818838141e+00
1.724998079930774919e+00
1.861608727892759774e+00
1.842171916360535455e+00
1.515682729507575655e+00
1.669053665634356642e+00
1.672316153257877414e+00
1.634182648083534195e+00
1.319983934554083360e+00
1.268338264109015290e+00
1.304097077904665225e+00
1.195079841325092485e+00
1.295145753579146408e+00
1.796034169719569196e+00
1.573812848673120213e+00
1.651943351062017173e+00
1.426329456527763329e+00
2.049282018382385662e+00
2.457270810826593710e+00
2.655017099980901740e+00
2.471732000722786982e+00
2.351472381268105760e+00
1.838556034177569298e+00
1.307901074697479071e+00
1.277508598633743553e+00
1.751446380595560459e+00
1.376301415712988030e+00
1.794181956910706921e+00
1.690481938642830473e+00
1.495518389509109758e+00
1.379428761580005602e+00
1.459048742726271941e+00
1.418772250083529141e+00
1.195180373999313206e+00
1.362712613026490605e+00
1.615851874262112409e+00
1.957435039012729083e+00
1.941299207301785845e+00
1.729248915698768707e+00
1.838815674701451242e+00
1.513308372987020256e+00
1.663184230848631318e+00
1.561377437662306189e+00
1.622949842878364413e+00
1.577972385713309666e+00
1.691373728621520911e+00
1.595447200984495550e+00
1.638384172535521044e+00
1.796508863104056442e+00
1.868578634053773113e+00
1.529121462387129871e+00
1.451739572611413731e+00
1.572666065158838888e+00
1.642627308460476332e+00
1.491566243600063180e+00
1.360323365785009120e+00
1.449036174895586226e+00
1.515760238473794264e+00
1.577637691543614329e+00
1.708663486045330249e+00
1.513144919765950780e+00
1.511996935574518641e+00
1.045548293032804610e+00
1.157783133539887377e+00
1.228727547937379594e+00
1.416639667998035979e+00
1.443081757520608299e+00
1.310447263935985207e+00
1.700070652185979192e+00
2.033579596407161461e+00
1.992712227789528390e+00
1.479439845853274482e+00
1.698069469819618149e+00
1.646270244629936652e+00
2.076154921010696430e+00
1.646428453130718061e+00
1.582558504203021910e+00
1.316220493251541779e+00
1.449857747404070363e+00
1.544609387945980572e+00
1.385513494562990333e+00
1.354811303636209718e+00
1.406375953469702456e+00
1.317919334989274160e+00
1.425083836820219219e+00
1.738680484472916454e+00
1.756999617795322877e+00
1.709582492424603695e+00
1.853786243745486395e+00
1.932050417801062903e+00
2.109525133869782021e+00
1.915912099602881113e+00
1.473038232014498350e+00
1.961788478009778514e+00
2.201300533581103114e+00
1.737636923141186784e+00
1.575549609390642258e+00
1.742945825349658584e+00
1.637796742183319276e+00
1.550685777157930545e+00
1.896980626602554398e+00
1.532464333257373301e+00
1.672551072682545659e+00
1.696415121112519575e+00
1.708922630940066023e+00
1.803302107837970514e+00
1.847968225844059065e+00
1.743933590547295687e+00
1.902621858081711803e+00
1.609147965858670704e+00
2.144754372357066785e+00
2.188151790071256819e+00
2.530936431761616756e+00
2.389723655582203232e+00
1.853222871321739129e+00
1.720845941232255871e+00
1.771185111293437808e+00
1.665506502426087776e+00
1.496237421836279946e+00
1.604426432604115327e+00
1.667031187373701595e+00
1.683285984182561368e+00
1.847371022472357627e+00
1.852325358840416492e+00
1.923468686193752220e+00
1.777397571564630629e+00
1.541022211743193093e+00
1.844865816465730779e+00
1.699321889955144771e+00
1.582029125387073742e+00
1.523556286833868567e+00
1.655176322312405190e+00
1.695199516976514609e+00
1.924253278416405699e+00
1.933409010343752676e+00
1.691121800814351817e+00
1.520289776375575608e+00
1.202959582301729613e+00
1.390190938582460678e+00
1.578168543417141301e+00
1.646679766636979458e+00
1.811424272818650927e+00
1.835144919866589230e+00
1.484513732245299478e+00
1.582476984658508501e+00
1.672771351443142152e+00
1.302668365438890863e+00
1.153555407050211645e+00
1.375059986200451112e+00
1.914664481831847676e+00
2.484994438873559641e+00
1.451549926741032337e+00
1.277360081280193516e+00
1.415523174784020899e+00
1.208932488108268810e+00
1.437753396970958164e+00
1.198619329247099241e+00
1.253291564678287395e+00
1.508780365859557548e+00
1.576219678033842442e+00
1.514531878055207059e+00
1.362038411919481495e+00
1.419154712856238065e+00
1.539339660580447244e+00
1.489910346463620083e+00
1.634501324482996454e+00
1.461105479105426097e+00
1.934637921560063534e+00
1.746037680133764036e+00
1.371608424199330933e+00
1.576381870903091675e+00
1.330950330323975583e+00
1.449040298644491243e+00
1.415660513933224340e+00
1.687913173708691872e+00
1.701785717561556943e+00
1.561958562768428926e+00
1.272273463878102362e+00
1.217452303843546746e+00
1.465073299321852263e+00
1.312944345272091251e+00
1.252970036075699678e+00
1.363951277216459479e+00
1.343857196844319146e+00
1.281908423371683758e+00
1.428635803662402504e+00
1.616759353902073926e+00
1.281434664105265631e+00
1.025069554607499267e+00
1.088264763927031309e+00
1.430129047491794037e+00
1.065679865767214407e+00
1.089533728024317583e+00
1.349438676026924577e+00
1.520744170317023691e+00
1.774720547237734980e+00
1.655074073949247548e+00
1.266822646777923334e+00
1.324663796096074986e+00
1.348985667068112626e+00
1.458874090330413376e+00
1.944821510165642975e+00
1.999312702873759395e+00
1.815385003862455715e+00
1.745078071594946767e+00
1.828277452028948646e+00
1.761891028927352609e+00
1.677882629267389181e+00
1.262934633432621689e+00
1.152799103688416427e+00
1.708518722462666783e+00
1.776067073705405175e+00
1.622358139432549029e+00
1.429063787987481016e+00
1.381631215588022821e+00
1.558332784326483589e+00
1.226635356158233714e+00
1.326947219828488400e+00
1.270811031247463863e+00
1.148780576610071824e+00
1.574585852264544172e+00
1.623147533429441847e+00
2.025796939242951566e+00
1.924604483040229352e+00
1.891138975750053630e+00
1.738184473468928681e+00
1.801469214214882486e+00
1.909877395334525163e+00
1.831872149619740098e+00
1.661198671340604394e+00
1.622133843343409598e+00
1.797909163863870452e+00
1.683390005245416043e+00
1.621220552532936843e+00
1.440103689164132117e+00
1.330211702070659641e+00
1.459242167065360141e+00
1.371078690857770344e+00
1.153735260869835910e+00
1.134049259318413494e+00
1.120160081457613588e+00
1.149277126948448080e+00
1.255632337072001281e+00
1.332770671254878359e+00
1.649214475897821774e+00
1.266918455091637252e+00
1.118577481131149076e+00
1.101881726670601358e+00
9.635659435335480749e-01
1.352127184828057826e+00
1.359415110608098498e+00
1.369173367309354017e+00
1.819364443214100069e+00
1.692856080774031602e+00
1.392488864830645046e+00
1.325958606621534752e+00
1.757059376349004554e+00
1.571548048567909639e+00
1.685556505360567892e+00
1.689136043031921330e+00
1.690453597100642913e+00
1.436523402681295858e+00
1.507300548414319818e+00
1.266810054289377652e+00
1.563082687462242770e+00
1.682223853451651152e+00
1.944375836439377059e+00
1.728128529398164970e+00
1.791022364728970473e+00
1.785190888336270154e+00
1.710992942730552135e+00
1.822402121541029985e+00
1.716273781944073873e+00
1.754836435134670358e+00
1.392996744849961166e+00
1.331596719659899009e+00
1.225315749822247335e+00
1.300911058106007268e+00
1.252556508711184291e+00
1.497932912701329888e+00
1.953986916460960455e+00
2.059606152864415396e+00
1.850425003193664875e+00
1.949841536358499106e+00
2.344330857509484556e+00
2.285007592401810061e+00
2.230154923813837176e+00
2.508077225668927213e+00
2.460080915691906789e+00
1.786252904065230185e+00
1.979622487114196971e+00
1.894523505634449156e+00
1.663593181093546036e+00
1.550465289841144845e+00
1.280602486874732993e+00
1.558906351468076101e+00
1.720120614302390605e+00
2.134768680289674148e+00
2.445444191336501039e+00
2.272624150851052516e+00
2.464881867169225860e+00
2.442041329112228709e+00
2.217755516656366499e+00
2.420887089142615078e+00
2.546126369418083346e+00
2.459623445512995499e+00
1.959087054047506715e+00
2.468935848486169871e+00
2.076419384910032306e+00
1.944681925736401640e+00
2.106829190872029134e+00
1.620637237989932533e+00
1.606852418999993981e+00
2.142878715414171076e+00
2.239245960555488857e+00
2.397620537213210667e+00
2.472045827135854079e+00
2.375830040907151997e+00
1.943148031772892859e+00
2.568428303927281497e+00
2.266661656974509054e+00
1.707395294859586299e+00
1.792442012978893384e+00
2.066668373025169370e+00
1.786048174729521376e+00
1.981929640383789826e+00
1.992538297820184212e+00
1.577247452235013059e+00
1.856351091045126633e+00
1.675030644069503749e+00
1.951153287978819817e+00
1.944300431643155802e+00
2.034986917768908832e+00
1.713167201028093167e+00
1.838264663869655813e+00
1.756752727835519501e+00
1.719297545193988253e+00
1.704963168378166083e+00
1.502973832001027077e+00
1.558606792002061203e+00
1.260281069589197944e+00
1.387800251407220298e+00
1.300349570517572717e+00
1.191885982244343500e+00
1.466953572388908444e+00
1.939452911805265023e+00
1.573935223268040140e+00
1.681096183164048519e+00
1.723089325180922726e+00
1.848503760213718650e+00
2.104157887976015662e+00
1.803869003912667468e+00
1.285825203976248776e+00
1.320003173850177181e+00
1.369133698454567005e+00
1.447462844691516093e+00
1.352487626255394204e+00
1.475913194478233326e+00
1.391241631525277800e+00
1.523675064407027824e+00
1.578364338719302706e+00
1.442664588573903117e+00
1.645215413544892202e+00
1.686355293464253391e+00
1.893158763856922056e+00
1.720509891465706653e+00
1.606585577093144090e+00
1.716617249952461899e+00
1.551183066029876878e+00
2.015384219843661118e+00
2.236668403423940799e+00
2.271896838012221309e+00
1.949093522847577864e+00
2.144264860910053194e+00
2.729417802958230332e+00
2.583745561967779825e+00
2.090356955113742199e+00
2.178351718518310776e+00
1.994587008770254188e+00
1.899439624962254047e+00
1.552840965562861886e+00
1.890216338108259730e+00
1.865440717074483112e+00
1.931805517797728466e+00
1.769875445798583247e+00
1.715393257400461113e+00
1.540012319617916736e+00
1.528082896360708265e+00
1.518600485752702234e+00
1.555727990300669772e+00
1.474569222914078104e+00
1.624066245138118703e+00
1.658002671715572029e+00
1.589377993633386277e+00
1.355961182933324460e+00
1.339039346173985345e+00
1.846789341812762553e+00
1.487993754409290936e+00
1.586607620274279595e+00
1.511184361635763862e+00
1.324120600592486374e+00
1.562537286486927801e+00
1.504060172000126538e+00
1.432248323936275103e+00
2.014373984977689158e+00
1.796235681721575439e+00
2.123608012824604874e+00
1.808489112642766683e+00
1.898078193069249187e+00
1.802670277906005980e+00
1.701965849946551534e+00
1.797888984956807823e+00
1.653073092797508137e+00
1.871481529037114955e+00
2.199058072070369629e+00
2.514929267906813593e+00
2.468817944371301198e+00
2.318421929249204094e+00
2.372848755138388555e+00
2.303498048519562857e+00
2.582036312420319835e+00
2.218730570620631948e+00
2.060605708061678865e+00
1.942330529117590743e+00
2.002418283148474032e+00
2.163276492061972700e+00
1.865269678653470375e+00
1.893240376265779235e+00
1.968167596867075098e+00
1.930046340428623663e+00
1.891290636233854183e+00
1.665573964125157236e+00
1.598479571560432300e+00
1.651861509058076827e+00
1.616410048418899459e+00
1.618972903625883752e+00
1.647048825974908093e+00
1.640869073690388369e+00
1.302673525915982511e+00
1.387901585742960187e+00
1.488482166372819382e+00
1.754840022692882195e+00
1.723140909148252575e+00
1.779154507506913507e+00
1.744985860753199169e+00
1.521744902027827973e+00
1.675975732995112821e+00
1.480849581474953602e+00
1.419695820093483718e+00
1.843506450964168319e+00
1.609348213759705937e+00
1.097236313170883104e+00
1.411980995150228013e+00
1.439706854514742895e+00
2.095900268840661163e+00
1.881244609307380022e+00
1.718060742676655428e+00
1.754378383555977194e+00
1.856861796489153615e+00
2.230994182620564370e+00
2.471912876655869784e+00
2.144314921794061579e+00
2.065954085152965636e+00
1.397494841631397033e+00
1.345030403659307483e+00
1.349871296788054620e+00
1.568137502580549514e+00
1.658565253426691255e+00
1.864245808756164413e+00
1.886926326509607899e+00
2.164223335550866434e+00
2.285376475215428194e+00
2.156392317881116849e+00
2.830202398847838197e+00
3.154895111593277068e+00
3.622260728040652022e+00
3.842083558397908938e+00
3.544179155172575424e+00
3.628085679180743650e+00
3.574773648483684951e+00
3.560980978291444998e+00
3.330044804391825597e+00
3.508314198260020333e+00
3.500024877377871935e+00
3.745394352679090044e+00
4.001734004275477652e+00
3.461857442082313607e+00
2.927374888527393804e+00
3.231584352755977996e+00
3.167350162691701332e+00
2.844735472210194960e+00
2.676527203682007361e+00
2.930960023753165888e+00
2.764114158305770008e+00
2.598042122445495039e+00
2.153525146586888539e+00
2.266435211260916294e+00
2.242345396751491915e+00
2.295954418949131881e+00
1.961912595719824459e+00
2.192245570502962426e+00
2.207054094155862956e+00
1.930196270625894606e+00
2.153854819784346564e+00
1.662200221325874638e+00
2.378120021296581399e+00
2.698019426531188980e+00
2.405904617445420168e+00
2.466699811075520277e+00
2.722894229617850659e+00
2.816714954245120861e+00
2.519956439938843218e+00
2.026756835418022984e+00
2.087196336125687779e+00
2.290753070617877807e+00
2.098080680022099020e+00
2.067827274517328284e+00
2.392946840568215272e+00
2.223837335940294757e+00
2.299294574825387460e+00
2.294554904588826716e+00
2.122795464739362536e+00
2.102588392951608043e+00
1.824957577179153523e+00
1.978666365252470971e+00
1.348596834338631201e+00
1.653788854847475065e+00
1.532605326632193510e+00
1.926610897997738769e+00
2.050159719960670035e+00
1.783625125932410738e+00
1.903880730204716043e+00
1.492341665415173768e+00
1.694778297735326289e+00
1.606902687639024663e+00
1.708968024085117055e+00
1.389080456828563515e+00
1.394382685067433458e+00
1.435450548820338179e+00
1.608529626080642094e+00
1.780958361216209429e+00
1.604826951382562816e+00
1.387561494450721966e+00
1.591857414104163926e+00
1.240794095777922212e+00
1.148255190146332261e+00
1.256889765321749897e+00
1.492104332728828586e+00
1.428637148081901564e+00
1.379501859506299333e+00
1.334908903875499764e+00
1.558869936434883696e+00
1.820800320207292877e+00
1.475604885781339970e+00
1.575849536895680636e+00
1.739173224976165111e+00
2.117335265661210997e+00
2.163030343526909149e+00
2.239192780157375218e+00
2.043585731413220863e+00
2.695276632096399894e+00
3.029064460650264135e+00
3.007723312295902396e+00
2.796962289140667135e+00
2.214341904231912572e+00
2.245296277363520332e+00
2.242035398461772466e+00
2.306897219824575185e+00
2.248723448239452249e+00
1.951873943729295569e+00
2.180411999395215794e+00
2.226598346540054507e+00
2.108036980936804916e+00
2.367590901403687997e+00
2.313338536307739446e+00
2.202466594942058098e+00
2.208267178039276857e+00
1.705959165261965671e+00
1.729590609079614039e+00
1.663966889735828847e+00
1.712730215204136597e+00
2.198811561589733454e+00
2.150792971327658343e+00
2.177603601303748970e+00
2.482344507679724366e+00
2.467744360244507718e+00
2.283701361876854463e+00
2.398947204302278813e+00
2.444100327361968805e+00
2.189034450269021548e+00
2.295682616202309401e+00
2.711930392553200786e+00
2.647531229025405164e+00
2.526059952652916163e+00
2.574261299449647211e+00
2.602755864208002201e+00
1.926939633691283404e+00
1.980891894001852505e+00
2.027029639313112419e+00
1.933076627669726655e+00
2.152883194356187690e+00
2.145525382539656967e+00
1.552417205685054480e+00
1.588930199151413092e+00
2.029019439117059065e+00
1.697504328381944649e+00
1.561045474107927822e+00
1.528790242183218684e+00
1.992487529683449665e+00
1.602592531321087810e+00
1.883150241375920242e+00
1.795383200384899069e+00
1.612304209751886042e+00
1.148751178039171039e+00
1.265271860536006931e+00
1.588956725207473664e+00
1.586046761970505203e+00
1.382418516209237946e+00
1.073519867616827383e+00
1.156227113031849330e+00
9.572912782718849822e-01
1.015751698323713814e+00
1.081219884396832809e+00
1.295099986086251764e+00
1.223101042960017315e+00
1.198769813365567094e+00
1.385918224380310093e+00
1.578010726623259696e+00
1.614172227415192173e+00
1.041052127417835926e+00
1.271468272468879057e+00
1.469524391104900740e+00
1.200302864749006604e+00
1.443359606025299335e+00
1.407484616105965314e+00
1.770014407527398470e+00
1.814571921133381283e+00
1.648979985016669980e+00
2.069154681028744225e+00
2.293273468534883452e+00
2.407765850666486074e+00
2.127761684488124860e+00
2.003800415993332695e+00
2.453348132056278441e+00
2.223911611292245460e+00
2.494143411189102988e+00
2.490887532392326964e+00
2.787092802279136805e+00
2.799171994518219186e+00
2.864052583804495011e+00
2.512193259176993987e+00
2.094604279685766457e+00
1.943582897051162606e+00
1.540197862478545066e+00
1.586897456122766448e+00
1.443991109476116641e+00
1.482846433588045576e+00
1.347344925464619925e+00
1.348869859640389857e+00
1.091647687271276590e+00
1.246299334160164918e+00
1.379179735441280030e+00
1.273905731547186226e+00
1.016498645054277006e+00
1.109399959629467025e+00
9.724752755044412389e-01
1.541640980391840277e+00
1.096189855630639309e+00
1.013164380735295245e+00
1.039702288044763279e+00
1.129524386824407367e+00
1.265257734594027683e+00
9.840612988222088298e-01
1.030686962211818436e+00
1.051843565992448992e+00
1.028796673532207384e+00
1.162205288451739094e+00
1.081471414130035891e+00
1.355360778873688332e+00
1.781465882590122840e+00
1.751956360639226551e+00
1.601824849525594230e+00
1.349301871963749067e+00
1.592810117889450483e+00
1.485524720366781404e+00
1.959794447518478089e+00
2.050634958776541783e+00
1.699865272923421600e+00
1.502207023820937293e+00
1.201236288976576638e+00
1.253992068319499831e+00
1.333052701249717087e+00
1.582466263413398799e+00
1.502392121894813304e+00
1.591276076573109099e+00
1.450127307241956043e+00
1.687516756525359041e+00
1.604341967100367139e+00
2.099982325542713468e+00
1.841321636648889815e+00
1.442093179751948062e+00
1.588337444539643872e+00
1.229479931386163960e+00
1.022362889109461603e+00
1.153154114953097054e+00
1.534253325777745980e+00
1.824648713807596412e+00
1.905478042492688040e+00
1.932149827076639959e+00
1.700330667414763797e+00
1.880109349643415362e+00
1.854622581486048860e+00
1.797971776383869624e+00
1.726841821930012344e+00
1.985915307154281884e+00
2.395450229311610446e+00
2.275690880792320847e+00
1.795379574974732551e+00
1.648581649378755509e+00
1.581774893165977858e+00
1.490296748604746480e+00
1.212720479191589096e+00
1.015844768449442492e+00
1.153298920018369422e+00
1.307155911816644256e+00
1.433429879248609762e+00
1.319911340062899452e+00
1.481954299754503435e+00
1.367328835726537184e+00
1.096988252289448074e+00
1.225555031993906585e+00
1.053523278536539376e+00
1.353770958327278562e+00
1.211088788344350631e+00
1.141037057584831871e+00
1.027010186083318288e+00
1.196699031431279314e+00
1.140627712930244231e+00
1.317088335669135191e+00
1.295720572564763584e+00
1.201697357110323994e+00
1.545185425023618109e+00
1.828593055033198578e+00
1.575254230980831727e+00
1.537813340864097933e+00
1.419607428783576708e+00
1.507445594241068942e+00
1.761339701277566450e+00
1.341904873947233012e+00
1.119695361509326137e+00
1.052403294895843056e+00
1.300154174395857121e+00
1.702399832384532630e+00
1.544751276007158003e+00
1.577575600639183451e+00
1.799041371845875537e+00
1.694984419287377087e+00
2.004018521124288021e+00
2.359271249542361559e+00
2.055779970775814203e+00
1.878675352318455394e+00
1.903919065253750098e+00
1.870994433023736470e+00
1.792226440379504293e+00
1.680576763910787141e+00
1.508958081200958423e+00
1.529750764556383258e+00
1.622103584018891098e+00
1.682600970766609860e+00
1.947739296542729370e+00
1.854480293161695270e+00
1.735115277325733452e+00
1.555702680993003906e+00
1.777807138403578291e+00
1.686050974570292071e+00
2.021563294199074878e+00
1.958229780001561782e+00
1.650002467789596139e+00
1.920909576864892054e+00
1.724587232459977360e+00
1.853783365719451570e+00
1.836920686469056596e+00
1.822291045501625240e+00
1.646892491236349176e+00
1.396477278439961722e+00
1.438259537648587383e+00
1.170600769576790379e+00
1.027258109930585972e+00
1.269645595643927871e+00
1.296852825777761176e+00
1.275237311191080636e+00
1.060558005256376779e+00
1.343327958351093976e+00
1.210426222287270814e+00
1.142882079120120409e+00
1.283047293370664033e+00
1.303008298904725581e+00
1.673198684788632429e+00
1.912577359289450607e+00
1.772870623487080799e+00
1.528847683952221148e+00
1.171328042884899334e+00
1.496326349537731470e+00
1.459784349830947958e+00
1.126929465500907446e+00
1.426016788009442982e+00
1.836182634096107158e+00
1.776207052895366845e+00
1.944372104684181757e+00
2.282763127957216476e+00
2.375238647376933798e+00
2.140759982791774707e+00
2.099918910902159208e+00
1.721039206786062259e+00
2.252690009160396301e+00
2.202203701101242750e+00
1.871862244686977927e+00
1.671800069598898819e+00
1.697482453023205329e+00
1.966314512612600041e+00
2.015160143514666657e+00
2.128833797565802044e+00
2.187698230278969369e+00
2.178932201926489398e+00
2.190533532850976517e+00
2.265944579733426778e+00
2.392339874813484091e+00
2.021767871989004650e+00
1.867639080903839899e+00
1.975056715363076920e+00
1.950858168803674131e+00
1.645650810248062701e+00
1.669307581557871734e+00
1.511432959209638716e+00
1.268773434054055294e+00
1.398490376901055265e+00
1.545442362226938871e+00
1.503334163450851246e+00
1.463788336281284019e+00
1.419460924602907514e+00
1.335885861357839044e+00
9.871849073998524293e-01
1.098415938068621145e+00
9.964965591685270851e-01
1.184133779976136225e+00
1.263441680360082975e+00
1.214171456743206035e+00
1.303456657579415312e+00
1.589315690007095938e+00
1.865029912444933879e+00
1.618817746501676869e+00
1.572155956722827597e+00
1.440726843441388683e+00
1.317481162670448791e+00
1.053856550738537567e+00
1.022471481145460048e+00
9.860611045252304363e-01
1.293013396330567000e+00
1.756303742559559344e+00
1.692560117681727538e+00
1.917861734468711887e+00
1.428827744087376006e+00
1.154173655592836800e+00
1.086269029627149330e+00
1.225419374838985220e+00
9.933090982774828159e-01
1.527929892905738996e+00
1.546064538117993825e+00
1.345343413852559733e+00
1.261615569158898831e+00
1.119027408626515951e+00
9.921856717330769238e-01
9.356810096030921953e-01
9.750115525065878863e-01
1.076683589437789079e+00
1.130056309883705090e+00
1.056232680592582351e+00
1.193674355395383246e+00
1.404137611921039586e+00
1.583434321543503831e+00
1.630763527487367526e+00
1.294682277823193006e+00
1.070327753228303092e+00
1.143281423448326839e+00
1.262679068835689922e+00
1.226528310484032769e+00
1.506365875027779522e+00
1.542807643786683114e+00
1.668203290193222887e+00
2.206895509742139438e+00
1.883466280704461981e+00
1.732053148597413772e+00
1.458835251466051419e+00
1.627888640640869689e+00
1.385740284107312315e+00
1.458664377438288584e+00
1.354658185715369223e+00
1.573137278130055217e+00
1.858921239330219244e+00
1.966498575641598912e+00
1.964968244910698214e+00
1.870705491300959977e+00
1.696365303437473715e+00
1.296010130036376440e+00
1.774209532634339004e+00
1.705166869809322527e+00
2.027551244274450326e+00
1.981238552054625401e+00
1.960572448816839675e+00
1.737790620582806866e+00
1.576131263707080121e+00
1.885771004985520305e+00
1.917379854144936058e+00
2.234627901477964418e+00
2.479277402872768654e+00
2.142499741338539376e+00
2.245928633905103222e+00
2.432478585000944715e+00
2.305674661911342405e+00
2.409567192320037687e+00
2.490956415059125906e+00
2.416166451391855485e+00
2.242569136157656295e+00
1.953841760963470175e+00
1.913572636936857752e+00
2.183951839571001141e+00
2.230884270315344864e+00
2.562292453325343278e+00
2.761262040968627485e+00
2.473190804599390891e+00
2.368686814588713219e+00
1.937679861554848948e+00
2.254140131868876296e+00
2.804287616734217892e+00
2.483030547423305645e+00
2.336353604594451294e+00
2.703399887241753063e+00
2.064074129613140407e+00
1.974711349665961402e+00
1.781066682920674049e+00
1.912599229280511182e+00
2.001245924199690496e+00
2.144235898711878363e+00
1.739990265157251192e+00
1.429791761383269133e+00
1.117964649664087817e+00
1.157991771874112619e+00
1.067661816653288964e+00
1.053788861770722285e+00
1.323767307259314130e+00
1.265824672437220855e+00
1.292728491610888542e+00
1.187893462186859095e+00
1.445224198776824398e+00
1.658573874376940260e+00
1.572556823452250452e+00
2.238566814846819408e+00
2.409407056737574049e+00
2.199946251156240873e+00
2.177727276390559741e+00
2.278567389592154768e+00
2.333626519430580526e+00
2.444343229056114897e+00
2.002006537908900707e+00
1.475427203037502633e+00
1.683824212673305620e+00
1.640026205557163053e+00
1.573898342397360262e+00
1.238679040912814111e+00
1.477374398691654545e+00
1.577305970608762653e+00
1.788893702720445900e+00
2.037871323023430659e+00
1.920672034180336052e+00
1.719797886617820737e+00
1.652241616962474069e+00
1.860118076584619917e+00
2.103964161462223981e+00
2.044805411578178855e+00
2.053342322534071673e+00
2.121990550597676606e+00
1.899082867512707606e+00
1.629579948797391431e+00
1.682456628412864807e+00
1.556639742442454510e+00
1.196717666971932381e+00
1.547122483646142799e+00
1.319979730973071419e+00
1.284161139715392252e+00
1.675298048774910065e+00
1.297132999444304380e+00
1.427254416336534382e+00
1.266122963245269517e+00
1.201183967457893020e+00
1.266510703666862581e+00
1.204928572635086015e+00
1.345113224390123818e+00
1.396860040047550156e+00
1.518837050370092534e+00
1.756553611469537257e+00
1.895479062122651603e+00
2.312142459307099163e+00
1.751517172653399790e+00
1.761015135616347926e+00
1.273132415981105270e+00
1.170309359882395928e+00
1.279342676123881084e+00
9.434400907597495500e-01
1.277807919729335273e+00
1.497011493254065906e+00
1.558694146640729361e+00
1.646692467384397673e+00
1.770412663852074076e+00
1.814112718250477929e+00
1.468446727216949244e+00
1.679253430252456436e+00
1.458573592468894953e+00
1.249800659504166633e+00
1.458791071915072290e+00
1.663747754140238344e+00
1.441014624236302888e+00
1.534550546723576714e+00
1.130853159196868241e+00
1.667799309135346242e+00
1.548868987158727339e+00
1.526955157483861569e+00
1.176757838002894241e+00
1.600202096833467813e+00
1.418713284794177687e+00
1.254382239990900594e+00
1.292542138874589686e+00
9.626655428630783717e-01
1.045267957748221566e+00
1.380835043068456169e+00
1.234378025550642688e+00
1.570739312234012086e+00
1.799967409682139863e+00
1.967458658208672606e+00
1.793541559693957010e+00
1.640229514437109071e+00
1.779510123806826716e+00
1.344038220990449783e+00
1.108875545087581127e+00
1.017802307405094586e+00
9.278634289839351457e-01
1.559126603217371843e+00
2.263224214793357891e+00
2.219660393071755333e+00
1.835580491810243631e+00
1.477093412895972735e+00
1.280753044347051173e+00
1.594410545875892593e+00
1.638707957364963219e+00
1.845205183310267838e+00
2.040390943724820882e+00
1.994206286364699432e+00
2.067000748743704985e+00
1.809793534656528591e+00
1.538960718653593407e+00
1.867016907365623091e+00
1.367696037415524701e+00
1.361405888393450558e+00
1.128942403524336502e+00
1.224753714457800458e+00
1.389760580564302961e+00
1.286427495991161241e+00
1.360935771944379979e+00
1.259424027976949523e+00
1.431392342554953068e+00
1.656062768766385584e+00
1.286593212673411424e+00
1.355356527556007995e+00
1.549567602053103288e+00
1.662552293203445553e+00
1.430306389270319833e+00
1.303458090180406481e+00
1.106800420384728367e+00
1.264718427332475859e+00
1.513363652566102946e+00
1.662410959905774366e+00
2.095457803721840317e+00
2.024708633255492884e+00
1.996893651180448259e+00
1.588675257814634367e+00
1.472217273973680296e+00
1.576570443133219479e+00
1.808158670188789063e+00
1.813511073624340275e+00
1.965074459850788324e+00
1.883457159480699250e+00
2.146319482050290439e+00
2.109808578529199785e+00
1.954726070161631801e+00
2.389911452540321779e+00
2.194728958976676747e+00
1.547576445622427244e+00
1.247035725286988583e+00
1.554006567703138275e+00
1.314158141389980106e+00
1.365819823534579758e+00
1.563799175794612362e+00
1.283049206167652390e+00
1.435174663567059028e+00
1.497067445875435610e+00
1.674048817353107399e+00
1.278858371088382073e+00
1.498610984915708766e+00
1.379911832280720230e+00
1.568719728528663593e+00
1.480568966926951946e+00
1.737145528203101197e+00
1.474496568286831177e+00
1.414708665220225203e+00
1.401738739299460468e+00
1.465475570325864840e+00
1.780508587917738694e+00
1.573624488458525095e+00
1.244221810479642976e+00
1.469332102464525613e+00
1.357578699608611883e+00
1.202967654148913601e+00
1.224138075829648287e+00
1.353537866227999542e+00
1.333075153812572022e+00
1.243429390377304600e+00
1.153013132297689314e+00
1.511948592904278410e+00
1.265862226051550632e+00
1.472559624909227871e+00
1.424802948627268195e+00
1.349614365873170962e+00
1.219977570650858878e+00
1.317362626229915401e+00
1.561324268095240386e+00
1.340054500018194039e+00
1.371949825697867276e+00
1.254678233469512572e+00
1.270124004303374132e+00
1.309551065069095133e+00
1.248407205399915787e+00
1.123867979985812671e+00
1.392045649662823514e+00
1.326543038909260730e+00
1.398224140851720865e+00
1.481166812208301931e+00
1.513980968540063143e+00
1.117638225743917690e+00
1.396171146454584067e+00
1.630514210874951742e+00
1.851412599325119368e+00
1.604057145906224724e+00
1.911951727009314039e+00
2.185173646699828165e+00
1.858330541716262774e+00
1.551856917361747357e+00
1.274870513194906296e+00
1.528814601107021165e+00
1.684294736425607120e+00
1.581458816567722581e+00
1.622690514204616186e+00
1.412843072685692203e+00
1.330588345049733778e+00
1.643290739322927241e+00
1.526128593535364120e+00
1.556205977683066122e+00
1.749867924937691610e+00
1.712388210825573909e+00
1.962589067821213007e+00
1.951328281973517820e+00
2.195587202532825355e+00
1.905116590821420930e+00
1.668882193002373393e+00
1.271845196549276524e+00
1.475057160844609250e+00
1.467566925364919728e+00
1.283357752891380654e+00
1.066758153677789478e+00
1.359365580507514437e+00
1.426125881868729239e+00
1.306115678582133954e+00
1.515370541549499350e+00
1.393379390442612831e+00
1.395100149807848355e+00
1.393693026309722693e+00
1.643018709867329674e+00
1.299966300539877606e+00
1.503629902920542438e+00
1.734859614420475094e+00
1.851180549201043135e+00
1.551336458615245162e+00
1.806868658532205130e+00
1.569549221091861790e+00
1.311408433425159892e+00
1.091535761709202745e+00
1.580484282347567548e+00
1.559974124797140371e+00
1.727845277828386816e+00
1.378761264082254856e+00
1.182267619135875414e+00
1.318873845405744039e+00
1.147318281635007819e+00
1.114546719350199222e+00
1.303143698848963972e+00
1.429220357448919065e+00
1.253649270485738043e+00
1.140557174646673610e+00
1.326889360864937473e+00
1.549782846678401604e+00
1.264436514355829599e+00
1.374981530241892846e+00
1.306528955629255417e+00
1.587627527132642546e+00
1.288147861372342717e+00
1.369015620306600400e+00
1.192874119043976444e+00
1.148893473134316112e+00
1.248783228946590773e+00
1.267361605883555509e+00
1.513652568326568471e+00
1.476399531859272418e+00
1.651103292654533261e+00
1.936570577748336186e+00
1.988663348187297952e+00
2.023345740015150440e+00
2.336851005834621020e+00
1.999621588914439974e+00
2.381986684107377794e+00
2.180216630483033047e+00
1.884117229394666859e+00
2.176905126610056307e+00
1.996107996190934042e+00
2.166275675876762286e+00
2.093406477859715231e+00
1.773885757768326243e+00
1.684424478000740910e+00
1.859245299804423990e+00
1.458446879099791538e+00
1.832289398319386420e+00
1.170949928072943624e+00
1.517613922465155252e+00
1.848904674358445854e+00
1.778855806856959321e+00
1.871671383448253678e+00
2.034010655946290491e+00
2.021156610608820792e+00
1.964552235418083548e+00
1.811974906795100759e+00
1.535164486612452528e+00
1.636977583709140260e+00
1.489438808698567707e+00
1.964541589632881724e+00
1.806684279086557599e+00
1.534862240024610580e+00
1.318704295966500073e+00
1.611474608924940544e+00
1.553669595304794093e+00
1.454402142914035023e+00
1.061797926514345791e+00
1.350896399105478984e+00
1.478799957403320375e+00
1.182628671737582904e+00
1.239595920253522943e+00
1.737236619648588665e+00
1.671065905906361504e+00
1.782931024483406679e+00
1.336211634617087363e+00
1.232150769622179398e+00
1.266739087590369905e+00
1.388679722209271272e+00
1.162481105979908502e+00
1.265768993254852148e+00
1.335319782146257239e+00
1.331642675133220433e+00
1.421985612244472952e+00
1.295992140080783450e+00
1.458207395884838720e+00
1.848199640070111061e+00
1.477563835300526929e+00
1.576612269810522937e+00
1.679599195719172045e+00
1.909509958977777755e+00
1.812046337361460147e+00
1.532439057518323988e+00
1.323198664448062889e+00
1.202920774587944441e+00
1.296639991555500693e+00
1.769613046657227740e+00
1.641361987939727207e+00
1.523357579824960784e+00
1.793308328361706838e+00
1.674400755762539772e+00
1.940265797443489593e+00
1.846783043939584701e+00
1.591021980601906582e+00
1.609746248510469879e+00
1.379541926355783765e+00
1.458545280448299009e+00
1.499144623694046663e+00
1.552768949660694231e+00
1.455672007902654608e+00
1.578800261113282088e+00
1.513730463210265498e+00
1.603386998034649347e+00
1.601599410072718443e+00
1.492909137233250361e+00
1.442149783295608945e+00
1.232261396738573378e+00
1.093029584484295214e+00
1.399308455146409447e+00
1.665083859646822484e+00
1.407411531033002206e+00
1.336513696579177957e+00
1.311094239423412633e+00
1.342382052683229299e+00
1.367518066929862997e+00
1.553588002246903521e+00
1.795604633691022300e+00
1.757944706566777482e+00
1.406130106097285948e+00
1.756325371324906737e+00
1.790939788268198996e+00
1.777117189269730169e+00
1.553954862603045051e+00
1.696353414912433299e+00
1.472237712906511620e+00
1.729483999105872805e+00
1.727588291987795621e+00
1.806389244642613301e+00
1.860599933677119289e+00
1.783969981926849524e+00
2.340960424687719588e+00
2.173683027681254654e+00
2.406998602163100909e+00
2.692693679990608047e+00
2.795476476245062347e+00
2.240631160475921035e+00
2.231013122575290275e+00
1.875921361802095566e+00
2.040978041685204136e+00
1.991692850458121278e+00
1.588028721542409150e+00
2.092216456443235284e+00
2.431565284231426372e+00
2.207114720673860386e+00
2.110591343491165173e+00
2.254326632959951837e+00
2.721626123680890963e+00
2.214171504730412909e+00
1.757615810674107326e+00
1.498926521088431496e+00
1.472926310134647032e+00
1.520238538886879542e+00
1.604359259612745614e+00
1.507611717921894634e+00
1.359134625530443063e+00
1.584088997527277609e+00
1.458925215620670457e+00
1.314641373701293636e+00
1.273559161248317917e+00
1.334875530947564171e+00
1.443124421610781916e+00
1.876043709457518638e+00
1.829960874854769992e+00
1.618697380732782687e+00
1.495138332607385490e+00
1.345823020564915762e+00
1.269578779704678473e+00
1.610825829940471632e+00
2.246493935731403546e+00
1.740184715713157360e+00
1.758973186631250796e+00
1.338498078353335785e+00
1.295777723398501058e+00
1.385759303478859117e+00
1.465723548438228052e+00
1.652033004420460305e+00
1.764541075132377568e+00
1.774934879409540089e+00
1.905287524452905945e+00
2.073285897514681952e+00
2.061718022320720767e+00
1.928288657009054052e+00
2.201757979274901800e+00
1.874784870744171883e+00
1.922894432105545670e+00
2.366218965845956479e+00
2.320048334130122569e+00
2.553111766374019265e+00
2.515888649151641232e+00
2.882158237888355234e+00
2.525586210907255769e+00
2.447085243777501251e+00
2.136320427286078516e+00
2.013855537183560251e+00
2.750486996472917056e+00
2.878676163788818521e+00
3.458295306783768730e+00
3.360677550778405465e+00
3.097814719152870211e+00
3.020555195277605076e+00
2.995740164736485411e+00
2.653808154287100596e+00
2.511593104007779242e+00
2.002487876036585401e+00
2.618598849051767985e+00
2.301559729410976640e+00
2.441616227858336430e+00
2.651889771563344933e+00
2.832421433664950694e+00
2.194230560945945818e+00
1.713114133286951724e+00
1.988247573757905062e+00
2.572391942254957709e+00
2.686105547222094270e+00
2.533649673526307655e+00
2.969528847503963398e+00
2.843408674186615137e+00
2.942020152708762826e+00
3.204898877740580243e+00
3.403675142117120078e+00
3.142988001813792120e+00
3.400595566603723086e+00
2.963390566291062900e+00
2.907400587151619309e+00
3.102775263920346749e+00
3.207272281019111215e+00
3.693001777483528869e+00
3.527034467826726694e+00
3.129736358258119466e+00
3.424738160978604284e+00
3.398874848777602597e+00
3.383524229561561292e+00
2.820485397887822376e+00
1.949441784952422818e+00
1.818025099395739641e+00
1.584450883450747583e+00
1.393642953443097410e+00
1.515852948352964580e+00
1.594678019890003240e+00
1.849494401547915112e+00
2.081408388272149690e+00
2.251862342819499041e+00
1.803877285356765281e+00
1.992879824511869513e+00
1.744679475418342562e+00
1.747925892585971530e+00
2.083532984132503429e+00
2.008051106029786315e+00
1.815392527439246617e+00
1.673434245489904271e+00
1.639816364363441359e+00
1.748029058185073925e+00
1.976038775663332858e+00
1.935985328522160875e+00
1.709296479680133318e+00
1.589165627605727327e+00
1.376367934951379546e+00
1.540903663369949772e+00
1.772488150253327177e+00
1.468232494894317730e+00
1.530653242633997158e+00
1.438468961445832139e+00
1.397755643775823842e+00
1.574120360316552114e+00
1.873262267933101244e+00
1.781053382712204369e+00
2.011121651449666370e+00
1.409377819464990411e+00
1.111282432644777662e+00
1.362759672463734750e+00
1.355678015513698265e+00
1.560290313624215885e+00
1.235689422201677878e+00
1.372137953029828106e+00
1.342923582574294672e+00
1.570423868276231483e+00
1.215102438068719426e+00
1.174842133464736982e+00
1.396914275223817059e+00
9.662409637133273499e-01
1.188893578395751716e+00
1.420225601632865819e+00
1.366481304876798308e+00
1.466951826650516377e+00
1.712328014974011436e+00
1.723141466469599425e+00
1.650415718751897742e+00
1.370602549893029209e+00
1.347175513792175039e+00
1.281674208953627936e+00
1.466481056117235005e+00
1.533945682491584028e+00
1.705247842973539374e+00
1.349299894924751886e+00
1.631514126436148349e+00
1.724444981322383219e+00
1.673467721241707951e+00
1.589203899899799044e+00
9.965446904512873516e-01
1.498201585937470215e+00
1.318092749764421701e+00
1.344773182631180619e+00
1.634577573011744001e+00
1.489714744097019317e+00
1.683807672885938134e+00
1.661749897120562869e+00
1.329102769259605132e+00
1.569958433668306119e+00
1.576444211885668967e+00
1.754255701273384815e+00
1.641886664190082223e+00
1.591697870797649239e+00
1.641104593467347605e+00
2.081947838393642058e+00
2.491348941364870395e+00
2.582838074533145178e+00
2.184302225307621637e+00
2.371403638513675638e+00
2.880577534327422473e+00
3.169664424410591597e+00
2.779881079096811813e+00
3.138372557098022320e+00
3.144202095198426417e+00
3.092082558392163172e+00
2.378397746666052193e+00
2.180120505684778554e+00
2.068059369018708349e+00
1.610040402152564720e+00
1.668074717763160297e+00
1.667943192625721771e+00
1.877615886302004711e+00
1.763273011479943531e+00
1.801894687432620712e+00
2.015946101334181062e+00
2.411750634889671563e+00
1.807784607274350419e+00
1.894208184506704473e+00
1.826135654802822472e+00
1.586538751258184998e+00
1.559410735397814163e+00
1.774730648184918769e+00
1.905242608254082315e+00
1.917330657701362240e+00
1.751397579929200976e+00
1.954553891652437647e+00
1.758840390027413214e+00
1.909738721000903361e+00
2.045527710454523529e+00
2.068076292632134106e+00
2.016152942697257089e+00
2.070875348183506937e+00
1.776307254398899804e+00
1.828275409302482890e+00
2.004711017970013387e+00
2.023401323859185474e+00
1.791219913164331157e+00
1.708987254930140809e+00
1.799952114982902751e+00
1.600549806150505905e+00
1.530126826908418503e+00
1.472083326709761719e+00
1.642517912435356386e+00
1.820447553065027479e+00
1.648696014884908134e+00
1.823896334947775033e+00
1.747739568631326623e+00
1.445627047727220615e+00
1.622969369754453162e+00
1.470528269478430294e+00
1.673752014968274304e+00
1.632658462030954105e+00
1.857988058949511467e+00
1.796744945316237407e+00
1.888121235826062616e+00
2.183864478655710428e+00
2.175211821563143744e+00
2.269932944686239296e+00
1.950159133620484875e+00
2.052112637047761812e+00
1.954865264908170808e+00
1.621053235602502474e+00
1.542117660233747412e+00
1.270362490105779063e+00
1.430817849018539256e+00
1.392608707193078832e+00
1.497851489213308795e+00
1.825303860672234713e+00
1.730412050514305244e+00
1.562213014509969744e+00
1.848609393885144669e+00
1.660613721163576084e+00
1.607344412955127533e+00
1.506622420898575232e+00
1.740233892133683069e+00
1.938253919060415553e+00
2.026968574861152117e+00
2.099793193845999717e+00
2.079154553973667774e+00
2.030286131587001552e+00
2.106060835335215931e+00
2.001498214720483837e+00
1.875723859581931885e+00
1.714433923412632899e+00
1.512650927052997307e+00
1.782803244469211679e+00
1.861566139680788101e+00
1.320464630839595754e+00
1.319300474691844416e+00
1.345922124318127411e+00
1.301677912553615757e+00
1.294825141135127700e+00
1.280517077008964444e+00
1.482185482625582695e+00
1.210198717579779037e+00
1.474544184970713046e+00
1.521966184796103017e+00
1.270980589113242187e+00
1.365427891768600910e+00
1.303204822790323014e+00
1.081155882500461685e+00
1.147840564410524733e+00
1.317872941453930080e+00
1.497426704543937115e+00
1.670762697969117250e+00
1.417372366287670049e+00
1.354297770446105664e+00
1.379538755083850488e+00
1.267641900323166260e+00
1.283177232335413143e+00
1.515837180330273704e+00
1.255541786613420197e+00
1.415646871068255042e+00
1.828467007112573928e+00
1.658558433837287849e+00
1.269105630644363547e+00
1.289808353968400212e+00
1.168452899674925494e+00
1.419194261717281247e+00
1.583770216187804891e+00
1.831056889203221738e+00
1.798144231444958496e+00
1.726220330854234097e+00
1.617659134568485868e+00
1.628809460480274751e+00
1.601834974903018072e+00
1.316092478907973096e+00
1.431065047444553651e+00
1.147050120696454512e+00
1.112384814218095430e+00
1.166455361827837045e+00
1.219917830884087895e+00
1.607802077777864547e+00
1.572480146169150661e+00
1.486484270957218135e+00
1.553624197675985252e+00
1.927620961414910683e+00
2.040007576111744214e+00
2.034357598811907586e+00
2.208876803356904617e+00
2.586842415163595366e+00
2.587125698198286639e+00
2.347581185422170869e+00
2.858949847065804573e+00
2.583031494809854500e+00
2.836959612639911921e+00
2.896986125952997870e+00
2.724103459990074416e+00
2.401542534216635882e+00
2.461473537469183626e+00
2.590539236841381765e+00
2.700867372434898162e+00
2.877031684172967285e+00
2.684771418359003015e+00
2.401709680770544253e+00
2.179923348489221979e+00
2.065452304156186525e+00
2.496718508513073864e+00
2.761885058413013017e+00
2.846474334777840731e+00
3.081370478076976394e+00
2.931027301450598532e+00
2.826747976877575841e+00
3.089606302015393435e+00
3.168475175062428928e+00
3.197492996605519888e+00
3.187525441674826876e+00
3.088696194890538926e+00
2.823875838044019204e+00
2.866874199861232597e+00
2.568131490785926729e+00
2.842162802472878891e+00
2.760690676410037181e+00
2.785044702469826827e+00
2.349833578180195115e+00
2.586479645491059021e+00
2.591219938966778269e+00
2.853473635724137480e+00
2.875992721585954204e+00
2.741524899152411709e+00
2.439704454954336743e+00
2.272858806085054972e+00
2.238008569617502719e+00
2.523803243077470171e+00
2.649961785708970563e+00
2.238638027580936996e+00
2.408557575611152579e+00
1.972466296980230238e+00
2.045723841204706517e+00
1.965540847080451625e+00
2.092229104615917379e+00
2.109280705610609097e+00
2.144190613391181444e+00
2.015413445354227395e+00
1.893510551363236427e+00
2.097525233851396553e+00
2.230729197705652478e+00
2.328355619942877208e+00
2.668345174295683631e+00
2.345144362325359388e+00
2.361009078456353993e+00
2.394442503367747221e+00
2.325349352407251047e+00
2.478648786345762467e+00
2.324518270315318436e+00
2.213568832960953969e+00
2.248624557585798378e+00
2.162352130931654681e+00
2.773981697692797344e+00
2.351116773354590350e+00
1.793491346122306540e+00
1.978464665577365222e+00
1.761401675188098981e+00
1.846205108215428714e+00
2.108542493869613565e+00
2.480909408816703632e+00
2.360665755448844383e+00
2.506357584247889125e+00
2.554648655234926569e+00
1.978730753813738641e+00
1.995027776991064705e+00
2.186731590345167398e+00
2.527551907850848156e+00
2.175910839813516517e+00
1.814659361173954100e+00
1.573299924411278639e+00
1.879595480195319190e+00
1.518268024538016681e+00
1.664935499154893250e+00
1.566190939470846422e+00
1.360849366365583180e+00
1.264105876334115086e+00
1.420934823743944309e+00
1.812407215945609051e+00
1.839987373157946804e+00
1.986899626398482610e+00
1.609167461285631928e+00
1.618971849082197378e+00
1.914078443811146446e+00
1.604556381081677641e+00
1.806179767516751467e+00
1.892312222138700539e+00
1.949059799100541390e+00
1.638029120889589407e+00
1.705114178869195030e+00
1.506474462585440932e+00
1.507075625452354295e+00
1.430309224172771287e+00
1.441912847505401940e+00
1.430174933148629535e+00
1.704254686146368547e+00
1.746584857299627647e+00
1.563280713500238228e+00
1.246254384252476921e+00
1.120009848659021312e+00
1.557556167472008646e+00
1.525283532776606110e+00
1.251428004524465454e+00
1.045656926349484372e+00
9.101648962549636623e-01
1.358448123141640318e+00
1.201745394291021674e+00
1.427447589039529063e+00
